1 0.3785807291666667 0.881591796875 0.038411458333333336 0.025390625
1 0.5582682291666666 0.90771484375 0.037109375 0.0263671875
1 0.4225260416666667 0.657470703125 0.037760416666666664 0.02734375
1 0.6048177083333334 0.708740234375 0.041015625 0.03076171875
1 0.6432291666666666 0.832763671875 0.021484375 0.0224609375
1 0.7141927083333334 0.52197265625 0.029947916666666668 0.03271484375
1 0.638671875 0.56201171875 0.042317708333333336 0.03173828125
1 0.4469401041666667 0.56201171875 0.033854166666666664 0.02783203125
1 0.49609375 0.37548828125 0.037109375 0.03076171875
1 0.6731770833333334 0.421630859375 0.036458333333333336 0.029296875
1 0.6722005208333334 0.34423828125 0.040364583333333336 0.02978515625