1 0.4654947916666667 0.10693359375 0.032552083333333336 0.0263671875
1 0.6497395833333334 0.10546875 0.033854166666666664 0.0234375
1 0.71875 0.19091796875 0.018229166666666668 0.0263671875
1 0.6516927083333334 0.30908203125 0.03515625 0.0263671875
1 0.4583333333333333 0.3359375 0.03125 0.025390625
1 0.4609375 0.431640625 0.03125 0.025390625
1 0.650390625 0.45654296875 0.032552083333333336 0.0244140625
1 0.71484375 0.505859375 0.020833333333333332 0.0234375
1 0.6484375 0.59912109375 0.036458333333333336 0.0244140625
1 0.4661458333333333 0.62109375 0.03125 0.025390625
1 0.6321614583333334 0.67626953125 0.029947916666666668 0.0244140625