1 0.5065104166666666 0.106201171875 0.03515625 0.02392578125
1 0.3235677083333333 0.11083984375 0.037109375 0.02685546875
1 0.2626953125 0.19921875 0.025390625 0.0283203125
1 0.3352864583333333 0.314208984375 0.034505208333333336 0.02783203125
1 0.5299479166666666 0.33349609375 0.033203125 0.0283203125
1 0.5341796875 0.43017578125 0.035807291666666664 0.02685546875
1 0.3466796875 0.46240234375 0.034505208333333336 0.03173828125
1 0.2864583333333333 0.5146484375 0.024088541666666668 0.02734375
1 0.3580729166666667 0.605224609375 0.034505208333333336 0.02685546875
1 0.54296875 0.62060546875 0.034505208333333336 0.02880859375
1 0.3782552083333333 0.680908203125 0.030598958333333332 0.0263671875