1 0.46875 0.1083984375 0.033854166666666664 0.021484375
1 0.6516927083333334 0.10595703125 0.032552083333333336 0.0224609375
1 0.4602864583333333 0.3349609375 0.032552083333333336 0.0234375
1 0.6516927083333334 0.30810546875 0.03515625 0.0263671875
1 0.7180989583333334 0.19091796875 0.016927083333333332 0.0205078125
1 0.7161458333333334 0.50634765625 0.0234375 0.0302734375
1 0.6510416666666666 0.45703125 0.036458333333333336 0.02734375
1 0.4622395833333333 0.43212890625 0.028645833333333332 0.0244140625
1 0.4674479166666667 0.6220703125 0.03125 0.02734375
1 0.65234375 0.599609375 0.03125 0.025390625
1 0.6334635416666666 0.67578125 0.03515625 0.025390625