1 0.3411458333333333 0.87548828125 0.037109375 0.029296875
1 0.5192057291666666 0.908203125 0.042317708333333336 0.03125
1 0.6123046875 0.840576171875 0.025390625 0.02685546875
1 0.5859375 0.71337890625 0.037109375 0.0263671875
1 0.4085286458333333 0.652099609375 0.037109375 0.0302734375
1 0.4397786458333333 0.560302734375 0.041015625 0.03076171875
1 0.630859375 0.56884765625 0.037109375 0.0302734375
1 0.7119140625 0.532958984375 0.025390625 0.02685546875
1 0.6783854166666666 0.42919921875 0.037109375 0.029296875
1 0.5071614583333334 0.376953125 0.0390625 0.03125
1 0.6878255208333334 0.35498046875 0.037109375 0.0263671875