1 0.5966796875 0.11279296875 0.033854166666666664 0.02685546875
1 0.4143880208333333 0.0966796875 0.0390625 0.0283203125
1 0.3333333333333333 0.17236328125 0.022135416666666668 0.02587890625
1 0.3798828125 0.296142578125 0.034505208333333336 0.0244140625
1 0.5660807291666666 0.3408203125 0.033854166666666664 0.02783203125
1 0.5501302083333334 0.434814453125 0.037760416666666664 0.0283203125
1 0.3590494791666667 0.443603515625 0.033854166666666664 0.02783203125
1 0.2845052083333333 0.486572265625 0.022135416666666668 0.02587890625
1 0.3343098958333333 0.586669921875 0.033854166666666664 0.02685546875
1 0.5126953125 0.622802734375 0.03515625 0.02880859375
1 0.3372395833333333 0.6611328125 0.034505208333333336 0.0244140625