1 0.466796875 0.10693359375 0.029947916666666668 0.0244140625
1 0.650390625 0.107421875 0.03515625 0.025390625
1 0.71875 0.18994140625 0.018229166666666668 0.0244140625
1 0.65234375 0.30859375 0.03125 0.021484375
1 0.4602864583333333 0.3359375 0.029947916666666668 0.025390625
1 0.4609375 0.4306640625 0.033854166666666664 0.025390625
1 0.6490885416666666 0.45703125 0.029947916666666668 0.025390625
1 0.7161458333333334 0.50634765625 0.018229166666666668 0.0244140625
1 0.650390625 0.60107421875 0.029947916666666668 0.0244140625
1 0.4674479166666667 0.62060546875 0.03125 0.0263671875
1 0.6354166666666666 0.6748046875 0.03125 0.021484375