1 0.4661458333333333 0.10693359375 0.033854166666666664 0.0224609375
1 0.6490885416666666 0.1044921875 0.03515625 0.025390625
1 0.7161458333333334 0.1904296875 0.0234375 0.02734375
1 0.6516927083333334 0.30810546875 0.032552083333333336 0.0263671875
1 0.4583333333333333 0.3349609375 0.03125 0.02734375
1 0.4609375 0.431640625 0.033854166666666664 0.025390625
1 0.650390625 0.45654296875 0.032552083333333336 0.0302734375
1 0.7141927083333334 0.50634765625 0.022135416666666668 0.0263671875
1 0.6490885416666666 0.599609375 0.032552083333333336 0.025390625
1 0.4654947916666667 0.6220703125 0.032552083333333336 0.02734375
1 0.6341145833333334 0.67578125 0.028645833333333332 0.025390625